[header]
width=20
height=20
tilewidth=18
tileheight=18
orientation=orthogonal

[tilesets]
tileset=pixel_sprites_sheet.png,18,18,0,0

[layer]
type=Tile Layer 1
data=
0,0,0,0,0,0,0,0,0,0,0,0,0,0,0,0,0,0,0,0,
0,0,0,0,0,0,0,0,0,0,0,0,0,0,0,0,0,0,0,0,
0,0,0,0,0,0,0,0,0,0,0,0,0,0,0,0,0,0,0,0,
53,63,63,63,63,64,63,63,54,0,0,0,0,0,0,0,0,0,0,0,
62,0,0,0,0,0,0,0,62,0,0,0,0,0,0,0,0,0,0,0,
62,0,0,0,0,0,0,0,62,0,0,0,0,0,0,0,0,0,0,0,
62,0,0,0,0,0,0,0,62,0,0,0,0,0,0,0,0,0,0,0,
62,0,0,0,0,53,63,54,62,0,0,0,0,0,0,0,0,0,0,0,
62,53,54,0,0,0,0,0,62,0,0,0,0,0,0,0,0,0,0,0,
62,0,0,0,0,0,0,0,62,0,0,0,0,0,0,0,0,0,0,0,
62,0,0,0,0,53,63,54,62,0,0,0,0,0,0,0,0,0,0,0,
62,53,54,0,0,0,0,0,62,0,0,0,0,0,0,0,0,0,0,0,
62,0,0,0,0,0,0,0,0,0,0,0,0,0,0,0,0,0,0,0,
62,0,0,0,0,0,0,0,0,0,0,0,0,0,0,0,0,0,0,0,
2,2,2,2,2,2,2,2,2,2,2,2,2,2,2,2,2,2,2,2,
22,22,22,22,22,22,22,22,22,22,22,22,22,22,22,22,22,22,22,22,
22,22,22,22,22,22,22,22,22,22,22,22,22,22,22,22,22,22,22,22,
22,22,22,22,22,22,22,22,22,22,22,22,22,22,22,22,22,22,22,22,
22,22,22,22,22,22,22,22,22,22,22,22,22,22,22,22,22,22,22,22,
22,22,22,22,22,22,22,22,22,22,22,22,22,22,22,22,22,22,22,22

[Wall1]
# Wall1
type=Wall1
location=8,13,0,0

[Wall2]
# Wall2
type=Wall2
location=8,14,0,0

[Goal]
# Goal
type=Goal
location=6,6,0,0

[Button]
# Button
type=Button
location=3,14,0,0

[Crate]
# Crate
type=Crate
location=5,14,0,0

[Player]
# Player
type=Player
location=17,14,0,0

