[header]
width=20
height=20
tilewidth=18
tileheight=18
orientation=orthogonal

[tilesets]
tileset=pixel_sprites_sheet.png,18,18,0,0

[layer]
type=Tile Layer 1
data=
25,0,0,0,0,0,0,0,0,0,0,0,0,0,0,0,0,0,0,0,
25,0,0,0,0,0,0,0,0,0,0,0,0,0,0,0,0,0,0,0,
25,0,0,0,0,0,0,0,0,0,0,0,0,0,0,0,0,0,0,0,
25,0,0,0,0,0,0,0,0,0,0,0,0,0,0,0,0,0,0,0,
25,0,0,0,0,0,0,0,0,0,0,0,0,0,0,0,0,0,0,0,
25,0,0,0,0,0,0,0,0,0,0,0,0,0,0,0,0,0,0,0,
25,0,0,0,0,0,0,0,0,0,0,0,0,0,0,0,0,0,0,0,
25,0,0,6,0,0,0,0,0,0,0,0,0,0,0,0,0,0,0,0,
23,43,43,24,7,7,7,7,7,7,7,0,0,0,0,0,0,0,0,0,
0,0,0,0,0,0,0,0,0,0,0,0,0,0,0,0,0,0,0,0,
0,0,0,0,0,0,0,0,0,0,0,0,0,7,29,29,29,7,0,0,
0,0,0,0,7,29,29,29,29,29,7,0,0,0,0,0,0,0,0,0,
0,0,0,0,0,0,0,0,0,0,0,0,0,0,0,0,0,0,0,0,
0,0,0,0,0,0,0,0,0,0,0,0,0,7,7,7,7,7,0,0,
0,0,0,0,7,29,29,30,29,29,7,0,0,0,0,0,0,0,0,0,
0,0,0,0,0,0,0,0,0,0,0,0,0,0,0,0,0,0,0,0,
0,0,0,0,0,0,0,0,0,0,0,0,0,7,7,7,7,7,0,0,
0,0,0,0,7,29,29,29,29,29,7,0,0,0,0,0,0,0,0,0,
13,18,18,14,0,0,0,0,0,0,0,0,0,0,0,0,0,0,0,0,
25,0,0,26,0,0,0,0,0,0,0,0,0,0,0,0,0,0,0,0

[Player]
# Player
type=Player
location=2,18,0,0

[Goal]
# Goal
type=Goal
location=1,7,0,0

[Saw1]
# Saw1
type=Saw1
location=9,18,0,0

[Saw2]
# Saw2
type=Saw2
location=5,15,0,0

[Saw3]
# Saw3
type=Saw3
location=9,12,0,0

[Saw4]
# Saw4
type=Saw4
location=16,11,0,0

