[header]
width=20
height=20
tilewidth=18
tileheight=18
orientation=orthogonal

[tilesets]
tileset=pixel_sprites_sheet.png,18,18,0,0

[layer]
type=Tile Layer 1
data=
0,0,0,0,0,0,0,0,0,0,0,0,0,0,0,0,0,0,0,0,
0,0,0,0,0,0,0,0,0,0,0,0,0,0,0,0,0,0,0,0,
0,0,0,0,0,0,0,0,0,0,0,0,0,0,0,0,0,0,0,0,
0,0,0,0,0,0,0,0,0,0,0,0,0,0,0,0,0,0,0,0,
29,29,29,29,29,7,67,0,0,0,0,0,0,68,7,29,29,29,29,7,
18,18,18,18,18,14,47,0,0,0,0,0,0,48,0,0,0,0,0,0,
14,13,14,13,14,26,47,0,0,0,0,0,0,48,0,0,0,0,0,0,
26,15,16,27,16,36,47,0,0,0,0,0,0,48,7,29,29,29,29,7,
26,6,5,15,5,26,47,0,0,0,0,0,0,48,0,0,0,0,0,0,
16,26,25,6,23,24,47,0,0,0,0,0,0,48,0,0,0,0,0,0,
5,26,23,24,0,0,47,0,0,0,0,0,0,48,7,29,29,29,29,7,
23,24,0,0,0,0,47,0,0,0,0,0,0,48,0,0,0,0,0,0,
52,0,0,0,0,0,47,0,0,0,0,0,0,48,53,64,63,63,54,52,
52,52,0,0,0,0,47,0,0,0,0,0,0,48,53,63,63,54,52,52,
52,52,52,0,0,0,47,0,0,0,0,0,0,48,53,63,54,52,52,52,
52,52,52,52,0,0,47,0,0,0,0,0,0,48,53,54,52,52,52,52,
52,52,52,52,52,0,57,0,0,0,0,0,0,58,62,52,52,52,52,52,
52,52,52,52,52,52,67,0,0,0,0,0,0,68,52,52,52,52,52,52,
32,32,32,32,32,32,32,32,32,32,32,32,32,32,32,32,32,32,32,32,
32,32,32,32,32,32,32,32,32,32,32,32,32,32,32,32,32,32,32,32

[Player]
# Player
type=Player
location=18,4,0,0

[Object Layer 2]
# Goal
type=Goal
location=9,18,0,0

