[header]
width=20
height=20
tilewidth=18
tileheight=18
orientation=orthogonal

[tilesets]
tileset=pixel_sprites_sheet.png,18,18,0,0

[layer]
type=Tile Layer 1
data=
0,0,0,0,0,0,0,0,0,0,0,0,0,0,0,0,0,0,0,0,
0,0,0,0,0,0,0,0,0,0,0,0,0,0,0,0,0,0,0,0,
0,0,0,0,0,0,0,0,0,0,0,0,0,0,0,0,0,0,0,0,
0,0,0,0,0,0,0,0,0,0,0,0,0,0,0,0,0,0,0,0,
0,0,0,0,0,0,0,0,0,0,0,0,0,0,0,0,0,0,0,0,
0,0,0,0,0,0,0,0,0,0,0,0,0,0,0,0,0,0,0,0,
0,0,0,0,0,0,0,0,0,0,0,0,0,0,0,0,0,0,0,0,
0,0,0,0,0,0,0,0,0,0,0,0,0,0,0,0,0,0,0,0,
0,0,0,0,0,0,0,0,0,0,0,0,0,0,0,0,0,0,0,0,
0,0,0,0,0,0,0,0,0,0,0,0,0,0,0,0,0,0,0,0,
0,0,0,0,0,0,0,0,0,0,0,0,0,0,0,0,0,0,0,0,
0,0,0,0,0,0,0,0,0,0,0,0,0,0,0,0,0,0,0,0,
0,0,0,0,0,0,0,0,0,0,0,0,0,0,0,0,0,0,0,0,
2,2,2,0,0,0,0,0,0,0,0,0,0,0,0,0,0,2,2,2,
22,22,22,22,0,0,0,0,0,0,0,0,0,0,0,0,22,22,22,22,
22,22,22,22,22,0,0,0,0,0,0,0,0,0,0,22,22,22,22,22,
22,22,22,22,22,22,0,0,0,0,0,0,0,0,22,22,22,22,22,22,
22,22,22,22,22,22,32,32,32,32,32,32,32,32,22,22,22,22,22,22,
22,22,22,22,22,22,32,32,32,32,32,32,32,32,22,22,22,22,22,22,
22,22,22,22,22,22,22,32,32,32,32,32,32,22,22,22,22,22,22,22

[Button]
# Button
type=Button
location=1,13,0,0

[Wall1]
# Wall1
type=Wall1
location=17,12,0,0

[Wall2]
# Wall2
type=Wall2
location=18,12,0,0

[Wall3]
# Wall3
type=Wall3
location=19,12,0,0

[Wall4]
# Wall4
type=Wall4
location=17,13,0,0

[Wall5]
# Wall5
type=Wall5
location=19,13,0,0

[Player]
# Player
type=Player
location=9,17,0,0

