[header]
width=20
height=20
tilewidth=18
tileheight=18
orientation=orthogonal

[tilesets]
tileset=pixel_sprites_sheet.png,18,18,0,0

[layer]
type=Tile Layer 1
data=
0,0,0,0,0,0,0,0,0,0,0,0,0,0,0,0,0,0,0,0,
0,0,0,0,0,0,0,0,0,0,0,0,0,0,0,0,0,0,0,0,
0,0,0,0,0,0,0,0,0,0,0,0,0,0,0,0,0,0,0,0,
0,0,0,0,0,0,0,0,0,0,0,0,0,0,0,0,0,0,0,0,
0,0,0,0,0,0,0,0,0,0,0,0,0,0,0,0,0,0,0,0,
0,0,0,0,0,0,0,0,0,0,0,0,0,0,0,0,0,0,0,0,
0,0,0,0,0,0,0,0,0,0,0,0,0,0,0,0,0,0,0,0,
0,0,0,0,0,0,0,0,0,0,0,0,0,0,0,0,0,0,0,0,
0,0,0,0,0,0,0,0,0,0,0,0,0,0,0,0,0,0,0,0,
0,0,0,0,0,0,0,0,0,0,0,0,0,0,0,0,0,0,0,0,
0,0,0,0,0,0,0,0,0,0,0,0,0,0,0,0,0,0,0,0,
0,0,0,0,0,0,0,0,0,0,0,0,0,0,0,0,0,0,0,0,
0,0,0,0,0,0,0,0,0,0,0,0,0,0,0,0,0,0,0,0,
1,1,1,1,1,1,1,1,1,1,1,1,1,1,1,1,1,1,1,1,
11,11,11,11,11,11,11,11,11,11,11,11,11,11,11,11,11,11,11,11,
21,21,21,21,21,21,21,21,21,21,21,21,21,21,21,21,21,21,21,21,
31,31,31,31,31,31,31,31,31,31,31,31,31,31,31,31,31,31,31,31,
41,41,41,41,41,41,41,41,41,41,41,41,41,41,41,41,41,41,41,41,
51,51,51,51,51,51,51,51,51,51,51,51,51,51,51,51,51,51,51,51,
61,61,61,61,61,61,61,61,61,61,61,61,61,61,61,61,61,61,61,61

[Player]
# Player
type=Player
location=2,14,0,0

[Goal]
# Goal
type=Goal
location=17,14,0,0

