[header]
width=15
height=15
tilewidth=18
tileheight=18
orientation=orthogonal

[tilesets]
tileset=tremor_sprite_sheet.png,18,18,0,0

[layer]
type=Tile Layer 1
data=
0,0,0,0,0,0,0,0,0,0,0,0,0,0,0,
0,0,0,0,0,0,0,0,0,0,0,0,0,0,0,
0,55,0,0,0,0,0,0,0,0,0,0,0,56,0,
0,47,0,0,0,0,0,0,0,0,0,0,0,48,0,
0,47,0,0,0,0,0,0,0,0,0,0,0,48,0,
0,47,0,0,0,0,0,0,0,0,0,0,0,48,0,
0,47,0,0,0,0,0,0,0,0,0,0,0,48,0,
0,47,0,0,0,0,0,0,0,0,0,0,0,48,0,
0,47,0,0,0,0,0,0,0,0,0,0,0,48,0,
0,47,0,0,0,0,0,0,0,0,0,0,0,48,0,
53,62,63,63,63,63,54,0,0,0,0,0,0,48,0,
0,47,0,0,0,0,0,0,0,0,0,0,0,48,0,
0,47,0,0,0,0,0,0,0,0,0,0,0,48,0,
53,62,63,63,63,63,63,63,63,64,63,63,63,62,54,
0,65,0,0,0,0,0,0,0,0,0,0,0,66,0

[Crate]
# Crate
type=Crate
location=5,10,0,0

[Goal]
# Goal
type=Goal
location=3,9,0,0

[Player]
# Player
type=Player
location=10,13,0,0

