[header]
width=128
height=32
tilewidth=16
tileheight=16
orientation=orthogonal

[tilesets]
tileset=game_sprites.png,16,16,0,0

[Enemies]
# Robot
type=Enemy
location=55,25,0,0

[Enemies]
# Robot
type=Enemy
location=55,24,0,0

[Enemies]
# Robot
type=Enemy
location=79,21,0,0

[Enemies]
# Robot
type=Enemy
location=98,22,0,0

[Enemies]
# Robot
type=Enemy
location=98,21,0,0

[Enemies]
# Robot
type=Enemy
location=100,4,0,0

[Enemies]
# Robot
type=Enemy
location=100,3,0,0

[Enemies]
# Tiger
type=Enemy
location=1,8,0,0

[Enemies]
# Tiger
type=Enemy
location=1,7,0,0

[Enemies]
# Tiger
type=Enemy
location=1,6,0,0

[Enemies]
# Tiger
type=Enemy
location=1,5,0,0

[Enemies]
# Tiger
type=Enemy
location=2,8,0,0

[Enemies]
# Tiger
type=Enemy
location=2,7,0,0

[Enemies]
# Tiger
type=Enemy
location=2,6,0,0

[Enemies]
# Tiger
type=Enemy
location=3,6,0,0

[Enemies]
# Tiger
type=Enemy
location=3,7,0,0

[Enemies]
# Tiger
type=Enemy
location=3,8,0,0

[Enemies]
# Tiger
type=Enemy
location=4,8,0,0

[Enemies]
# Tiger
type=Enemy
location=4,7,0,0

[Enemies]
# Tiger
type=Enemy
location=4,6,0,0

[Enemies]
# Tiger
type=Enemy
location=125,20,0,0

[Enemies]
# Tiger
type=Enemy
location=125,19,0,0

[Enemies]
# Tiger
type=Enemy
location=125,18,0,0

[Enemies]
# Tiger
type=Enemy
location=125,17,0,0

[Enemies]
# Tiger
type=Enemy
location=124,20,0,0

[Enemies]
# Tiger
type=Enemy
location=124,19,0,0

[Enemies]
# Tiger
type=Enemy
location=124,18,0,0

[Enemies]
# Tiger
type=Enemy
location=123,20,0,0

[Enemies]
# Tiger
type=Enemy
location=123,19,0,0

[Enemies]
# Tiger
type=Enemy
location=123,18,0,0

[Enemies]
# Tiger
type=Enemy
location=122,18,0,0

[Enemies]
# Tiger
type=Enemy
location=122,19,0,0

[Enemies]
# Tiger
type=Enemy
location=122,20,0,0

[Enemies]
# Robot
type=Enemy
location=79,20,0,0

[Enemies]
# Robot
type=Enemy
location=64,24,0,0

[Enemies]
# Robot
type=Enemy
location=64,23,0,0

[Player]
# Player
type=Player
location=0,27,0,0

[Player]
# Player
type=Player
location=1,27,0,0

[Player]
# Player
type=Player
location=0,28,0,0

[Player]
# Player
type=Player
location=1,28,0,0

[layer]
type=Tile Layer 1
data=
0,0,0,0,0,0,0,0,0,0,0,0,0,0,0,0,0,0,0,0,0,0,0,0,0,0,0,0,0,0,0,0,0,0,0,0,0,0,0,0,0,0,0,0,0,0,0,0,0,0,0,0,0,0,0,0,0,0,0,0,0,0,0,0,0,0,0,0,0,0,0,0,0,0,0,0,0,0,0,750,750,750,0,0,0,0,0,0,0,0,0,0,0,0,0,0,0,0,0,0,0,628,841,731,731,731,731,731,731,731,731,731,731,731,731,731,731,731,731,731,731,731,731,731,731,731,731,731,
0,0,0,0,0,0,0,0,0,0,0,0,0,0,0,0,0,0,0,0,0,0,0,0,0,0,0,0,0,0,0,0,0,0,0,0,0,0,0,0,0,0,0,0,0,0,0,0,0,0,0,0,0,0,0,0,0,0,0,0,0,0,0,0,0,0,0,0,0,0,0,0,0,0,0,750,750,0,0,750,750,750,750,750,750,750,750,750,750,0,0,0,0,0,0,0,0,750,750,0,0,839,782,782,782,782,782,782,782,782,782,782,782,782,782,782,782,782,782,782,782,782,782,782,782,782,782,791,
0,0,0,0,0,0,0,0,0,0,0,0,0,0,0,0,0,0,0,0,0,0,0,0,0,0,0,0,0,0,0,0,0,0,0,0,0,0,0,0,0,0,0,0,0,0,0,0,0,0,0,0,0,0,0,0,0,0,0,0,0,0,0,0,0,0,0,0,0,0,0,0,0,750,0,750,750,750,750,750,750,750,750,750,750,750,750,0,750,750,750,750,750,750,750,750,750,750,750,750,750,750,750,750,750,750,750,750,750,750,750,750,750,750,750,750,750,750,750,750,750,750,750,750,750,750,750,628,
0,0,0,0,0,0,0,0,0,0,0,0,0,0,0,0,0,0,0,0,0,0,0,0,0,0,0,0,0,0,0,0,0,0,0,0,0,0,0,0,0,0,0,0,0,0,0,0,0,0,0,0,0,0,0,0,0,0,0,0,0,0,0,0,0,0,0,0,0,0,0,750,750,750,750,750,750,750,750,750,750,750,750,750,750,750,750,750,750,750,750,750,750,750,750,750,750,750,750,750,750,750,750,750,750,750,750,750,750,750,750,750,750,750,750,750,750,750,750,750,750,750,750,750,750,750,750,628,
0,0,0,0,0,0,0,0,0,0,0,0,0,0,0,0,0,0,0,0,0,0,0,0,0,0,0,0,0,0,0,0,0,0,0,0,0,0,0,0,0,0,0,0,0,0,0,0,0,0,0,0,0,0,0,0,0,0,0,0,0,0,0,0,0,0,0,0,0,0,0,750,750,750,750,750,750,750,750,750,750,750,0,0,0,0,750,750,0,0,1059,1060,1060,1060,1060,1060,1060,1060,1060,1060,1060,970,972,750,750,750,750,750,750,750,750,750,750,750,750,750,750,750,750,750,750,750,750,750,750,750,750,628,
0,0,0,0,0,0,0,0,0,0,0,0,0,0,0,0,0,0,0,0,0,0,0,0,0,0,0,0,0,0,0,0,0,0,0,0,0,0,0,0,0,0,0,0,0,0,0,0,0,0,0,0,0,0,0,0,0,0,0,0,0,0,0,0,0,0,0,0,0,0,0,750,750,750,0,750,750,0,750,0,0,0,0,0,0,0,0,0,0,0,750,750,750,750,750,750,0,750,750,750,750,1021,1023,750,750,750,750,750,750,750,750,750,750,750,750,750,750,750,750,750,750,750,750,750,750,750,750,628,
0,0,0,0,0,0,0,0,0,0,0,0,0,0,0,0,0,0,0,0,0,0,0,0,0,0,0,0,0,0,0,0,0,0,0,0,0,0,0,0,0,0,0,0,0,0,0,0,0,0,0,0,0,0,0,0,0,0,0,0,0,0,0,0,0,0,0,0,0,0,0,750,0,0,0,0,0,0,0,0,0,0,0,0,0,1059,1060,1060,1061,0,0,0,0,0,750,750,750,750,750,750,750,1021,1023,750,750,750,750,750,750,750,750,750,750,750,750,750,750,750,750,750,750,750,750,750,750,750,750,628,
0,0,0,0,0,0,0,0,0,0,0,0,0,0,0,0,0,0,0,0,0,0,0,0,0,0,0,0,0,0,0,0,0,0,0,0,0,0,0,0,0,0,0,0,0,0,0,0,0,0,0,0,0,0,0,0,0,0,0,0,0,0,0,0,0,0,0,0,0,750,750,750,0,0,0,0,0,0,0,0,0,0,0,0,0,0,0,0,0,0,0,0,0,0,0,0,0,0,0,0,750,1021,1023,750,750,750,750,750,750,750,750,750,750,750,750,750,750,750,750,750,750,750,750,750,750,750,750,628,
208,209,209,209,209,209,209,209,210,0,0,0,0,0,0,0,0,0,0,0,0,0,0,0,0,0,0,0,0,0,0,0,0,0,0,0,0,0,0,0,0,0,0,0,0,0,0,0,0,0,0,0,0,0,0,0,0,0,0,0,0,0,0,0,0,0,0,0,0,0,750,0,0,0,1059,1060,1060,1060,1060,1060,1060,1060,1060,1061,0,0,0,0,0,0,0,0,0,0,0,0,0,0,0,0,750,1021,1023,750,750,750,750,750,750,750,750,750,750,750,750,750,750,750,750,750,750,750,750,750,750,750,750,628,
0,0,0,0,0,0,0,0,0,0,0,208,209,209,209,210,0,0,0,0,0,0,0,0,0,0,0,0,0,0,0,0,0,0,0,0,0,0,0,0,0,0,0,0,0,0,0,0,0,0,0,0,0,0,0,0,0,0,0,0,0,0,0,0,0,0,0,0,0,0,0,0,0,0,0,0,0,0,0,0,0,0,0,0,0,0,0,0,0,0,0,0,0,0,0,0,0,0,0,0,750,1021,1023,750,750,750,750,750,750,750,750,750,750,750,750,750,750,750,750,750,750,750,750,750,750,750,750,628,
0,0,0,0,0,0,0,473,0,0,0,0,0,0,0,0,0,0,208,209,209,209,210,0,0,208,209,209,209,210,0,0,208,209,209,209,210,0,0,0,0,0,0,0,0,0,0,0,0,0,0,0,0,0,0,0,0,0,0,0,0,0,0,0,0,0,0,0,0,0,0,0,0,0,0,0,0,0,0,0,0,0,0,0,1059,1060,1060,1061,0,0,0,0,0,0,0,0,0,0,0,0,750,1021,1023,750,750,750,750,750,750,750,750,750,750,750,750,750,750,750,750,750,750,750,750,750,750,750,750,628,
0,0,0,0,0,0,473,473,473,473,473,473,473,473,0,0,0,0,0,0,0,0,0,0,0,0,0,0,0,0,0,0,0,0,0,0,0,0,0,0,0,0,0,0,0,0,0,0,0,0,0,0,0,0,0,0,0,0,0,0,0,0,0,0,0,0,0,0,0,0,0,0,0,0,0,0,0,0,0,0,0,0,0,0,0,0,0,0,0,0,0,0,0,0,0,0,0,0,0,0,0,1021,1023,750,750,750,750,750,750,750,750,750,750,750,750,750,750,750,750,750,750,750,750,750,750,750,750,628,
0,0,0,473,473,473,473,473,473,473,473,473,473,473,473,0,0,0,0,0,0,0,0,0,0,0,0,0,0,0,0,0,0,0,0,0,0,0,208,209,209,209,210,0,0,0,0,0,0,0,0,0,0,0,0,0,0,0,0,0,0,0,0,0,0,0,0,0,0,0,0,0,0,0,0,0,0,0,0,0,0,0,0,0,0,0,0,0,0,1059,1060,1060,1061,0,0,0,0,0,0,0,0,1021,1023,750,750,750,750,750,750,750,750,750,750,750,750,750,750,750,750,750,750,750,750,750,750,750,750,628,
0,0,0,473,473,473,473,473,473,473,473,473,473,473,473,473,0,0,0,0,0,0,0,0,0,0,0,0,0,0,0,0,0,0,0,0,0,0,0,0,0,0,0,0,0,0,0,0,0,0,0,0,0,0,0,0,0,0,0,0,0,0,0,0,0,0,0,0,0,0,0,0,0,0,0,0,0,0,0,0,0,0,802,0,0,0,0,0,0,0,0,0,0,0,0,0,0,0,0,0,0,1021,1023,750,750,750,750,750,750,750,750,750,750,750,750,750,750,750,750,750,750,750,750,750,750,750,750,628,
0,0,0,473,473,473,473,473,473,473,473,473,473,473,473,473,473,0,0,0,0,0,0,0,0,0,473,473,473,473,473,473,473,473,473,0,0,0,0,0,0,0,0,0,208,209,209,209,210,0,0,0,0,0,473,473,473,473,473,0,0,0,0,0,0,0,0,0,0,0,0,0,0,0,0,0,0,0,0,0,0,0,802,802,802,802,0,0,0,0,0,0,0,1059,1060,1060,1061,0,0,0,0,1021,1023,750,750,750,750,750,750,750,750,750,750,750,750,750,750,750,750,750,750,750,750,750,750,750,750,628,
0,0,0,473,473,473,473,473,473,473,473,473,473,473,473,473,473,473,0,0,0,0,0,0,0,0,473,473,473,473,473,473,473,473,473,0,0,0,0,0,0,0,0,0,0,0,0,0,0,0,0,0,0,0,473,473,473,473,0,0,0,0,0,0,0,0,0,0,0,0,0,0,0,0,0,0,0,0,0,0,0,0,0,0,0,802,0,0,0,0,0,0,0,0,0,0,0,0,0,0,0,1021,1023,750,750,750,750,750,750,750,750,750,750,750,750,750,750,750,750,750,750,750,750,750,750,750,750,628,
0,0,0,0,0,0,0,0,0,0,0,0,0,0,0,0,473,473,473,473,473,473,0,0,0,473,473,1182,1182,1182,1182,1182,1182,0,0,0,0,0,0,0,0,0,0,0,0,0,0,0,0,0,0,0,0,0,0,0,0,0,0,0,0,0,0,0,0,0,0,0,0,0,0,0,0,0,0,0,0,0,0,0,0,0,0,0,0,802,0,0,0,0,0,0,0,0,0,0,0,1059,1060,1060,1061,1021,1023,750,750,750,750,750,750,750,750,750,750,750,750,750,750,750,750,750,750,750,750,750,750,750,750,628,
0,0,0,0,0,0,0,0,0,0,0,0,0,0,473,473,473,473,473,0,0,0,473,473,473,473,0,0,1182,1182,1182,1182,1182,0,0,0,0,0,0,0,0,0,0,0,10,11,11,11,12,0,0,0,0,0,0,0,0,0,0,0,0,0,0,0,0,0,0,0,0,0,0,0,0,0,0,0,0,0,0,0,0,0,802,0,0,802,0,0,0,0,0,0,0,0,0,0,0,0,0,0,0,1021,1023,750,750,750,750,750,750,750,750,750,750,750,750,750,750,750,750,750,750,750,750,750,750,750,750,628,
0,0,0,0,0,0,0,0,0,0,0,0,0,0,473,473,473,473,473,473,0,0,0,0,0,0,0,0,0,0,0,0,0,0,0,0,0,0,0,0,0,0,0,0,0,0,0,0,0,0,0,0,0,0,0,0,0,0,0,0,0,0,0,0,0,0,0,0,0,0,0,0,0,0,0,0,0,0,0,0,0,0,802,802,802,802,0,0,0,0,0,0,0,1059,1060,1060,1061,0,0,0,0,1021,1023,750,750,750,750,750,750,750,750,750,750,750,750,750,750,750,750,750,750,750,750,750,750,750,750,628,
0,0,0,0,0,0,0,0,0,473,473,473,473,473,473,473,473,473,473,0,0,0,0,0,0,0,0,0,0,0,0,0,0,0,0,0,0,0,0,0,0,0,0,0,0,0,0,0,0,0,0,0,0,0,0,0,0,0,0,0,0,0,0,0,0,0,0,0,0,0,0,0,0,0,0,0,0,0,0,0,0,0,0,0,0,0,0,0,0,0,0,0,0,0,0,0,0,0,0,0,0,1021,1023,750,750,750,750,750,750,750,750,750,750,750,750,750,750,750,750,750,750,750,750,750,750,750,750,628,
0,0,473,473,473,473,473,473,473,0,0,0,0,0,0,0,0,0,0,0,0,0,0,0,0,0,0,0,0,0,0,0,0,0,0,0,0,0,0,852,0,0,0,0,10,11,11,11,12,0,0,0,0,0,0,0,0,0,0,0,0,0,0,0,0,0,0,0,0,0,0,0,0,0,0,0,0,0,0,0,0,0,0,0,0,0,1059,1060,1060,1060,1060,1060,1061,0,0,0,0,0,0,0,0,1021,1075,479,480,983,985,690,691,690,691,590,591,591,592,971,971,971,971,971,971,971,971,971,971,971,971,628,
0,0,473,473,473,473,473,473,473,0,0,0,0,0,0,0,0,0,0,0,0,0,0,0,0,0,0,0,0,0,0,0,0,0,0,0,0,0,0,0,0,0,0,0,0,0,0,0,0,0,0,0,0,0,0,0,0,0,0,0,0,0,0,0,0,0,0,0,0,0,0,0,573,978,0,0,0,0,0,576,0,0,0,0,0,0,0,0,0,0,0,0,0,0,0,0,0,0,0,0,970,1076,1022,530,531,1085,1087,741,742,741,742,641,479,480,643,792,793,792,793,1022,1022,1022,1022,1022,1022,1022,1022,628,
0,0,0,0,0,0,0,0,0,0,0,0,0,0,0,0,0,0,0,0,0,0,0,0,0,0,0,0,0,0,0,0,0,0,0,0,472,472,10,11,11,11,12,472,0,0,0,0,0,0,0,0,0,0,0,0,0,0,0,467,468,468,468,469,0,0,0,0,0,0,577,578,933,827,882,827,827,827,827,827,827,827,827,827,827,827,827,828,433,833,833,833,833,833,833,833,833,833,833,434,529,478,478,478,478,478,478,478,478,478,478,641,530,531,643,843,844,843,844,1022,1022,1022,1022,1022,1022,1022,1022,628,
0,0,0,0,0,0,0,0,0,0,0,0,0,0,0,0,0,0,0,0,0,0,0,0,0,0,0,0,0,0,0,0,0,0,0,852,0,0,0,0,0,0,0,0,0,0,0,0,0,0,0,0,0,0,0,0,0,0,0,518,519,519,519,520,0,0,983,984,984,985,628,629,821,821,624,874,821,821,821,821,821,821,821,821,821,821,821,822,433,833,833,833,833,833,833,833,833,833,434,529,1022,1022,1022,1022,1022,1022,1022,1022,1022,1022,1022,692,693,693,694,1022,1022,1022,1022,1022,1022,1022,1022,1022,1022,1022,1022,628,
0,0,0,0,0,0,0,0,0,0,0,0,0,0,0,0,0,0,0,0,0,0,0,0,0,0,474,0,0,0,0,206,259,260,260,261,206,206,467,468,468,468,469,0,0,0,0,0,0,416,0,416,0,416,0,0,0,256,260,260,260,260,260,260,260,260,1034,1035,1035,1036,628,629,821,821,624,875,900,886,886,887,478,478,478,478,478,478,478,478,478,478,478,478,478,478,478,478,478,478,478,478,478,478,478,478,478,478,478,478,478,478,478,478,481,482,478,478,478,478,478,478,1022,1022,1022,1022,1022,1022,1022,628,
0,0,0,413,414,0,0,0,0,0,0,0,0,0,0,0,0,0,211,474,0,211,474,474,211,474,474,211,474,474,211,0,310,311,311,312,0,0,518,519,519,519,520,0,0,55,56,56,56,260,260,260,260,260,260,260,260,282,311,311,311,311,311,311,311,311,1034,1035,1035,1036,628,629,821,874,624,875,627,627,937,938,830,830,830,830,830,830,830,831,433,833,833,833,833,833,833,833,833,434,529,588,589,588,589,690,691,862,862,690,691,862,862,1022,628,629,1022,1022,1022,588,589,862,862,690,691,1022,1022,1022,1022,628,
0,0,0,464,465,0,0,2,2,0,0,0,0,0,259,260,260,261,206,206,206,206,206,206,206,206,206,206,206,474,206,0,61,56,56,56,260,260,62,62,62,62,62,260,56,280,311,311,311,311,311,311,311,311,311,311,311,311,311,311,311,311,311,311,311,658,1085,1086,1086,1087,628,629,624,618,624,618,627,627,627,659,659,659,659,659,659,659,659,659,659,659,862,659,862,862,659,862,659,862,659,639,640,639,640,741,742,862,862,741,742,862,862,862,628,629,862,1022,1022,639,640,690,691,741,742,588,589,1022,1022,628,
0,0,415,515,516,0,2,0,206,259,260,261,0,0,310,311,311,312,206,206,420,206,206,206,206,206,206,206,206,206,206,0,310,311,311,311,311,311,311,311,311,311,311,311,311,311,311,311,311,311,311,311,311,311,311,311,311,311,311,311,311,311,311,658,658,788,731,731,731,731,888,889,731,731,731,618,627,627,627,731,731,731,731,731,731,731,731,731,731,731,731,731,731,731,731,731,731,731,731,731,731,731,731,731,731,731,731,731,731,731,731,731,842,629,862,1022,1022,1022,862,741,742,1022,1022,639,640,690,691,628,
56,56,56,56,56,57,420,420,259,56,56,56,261,420,310,311,311,312,206,474,206,206,206,474,206,206,206,206,474,474,206,420,310,311,311,311,311,311,658,658,311,311,311,311,658,658,658,308,658,658,658,658,658,658,658,311,311,311,311,311,311,658,658,658,658,628,790,782,782,782,939,940,782,782,782,618,627,627,627,782,782,782,782,782,782,782,782,782,782,782,782,782,782,782,782,782,782,782,782,782,782,782,782,782,782,782,782,782,782,782,782,782,782,840,862,862,862,1022,1022,1022,1022,1022,1022,1022,1022,741,742,628,
113,113,113,113,113,108,2,2,310,311,311,311,312,2,310,311,311,312,1127,1127,1127,1127,1127,1127,1127,1127,1127,1127,1127,1127,1127,1127,310,311,311,658,308,658,658,658,658,658,658,658,658,308,658,658,658,658,308,658,658,658,658,658,658,658,658,658,658,658,658,658,902,628,629,826,827,827,628,629,882,827,883,618,627,627,627,478,478,478,478,478,478,478,478,478,478,478,478,478,478,478,478,478,478,478,478,478,478,478,478,478,478,478,478,478,478,478,478,478,478,478,478,478,478,478,478,478,1022,1022,1022,1022,1022,1022,1022,628,
658,113,658,658,658,108,2,2,310,311,658,311,312,2,310,311,311,312,1178,1178,1178,1178,1178,1178,1178,1178,1178,1178,1178,1178,1178,1178,310,311,658,658,308,658,308,658,658,658,658,658,658,658,658,658,308,658,658,658,308,658,658,658,658,658,658,658,658,658,658,902,833,628,629,829,830,830,628,629,933,827,934,827,827,627,827,828,433,833,833,833,833,833,833,833,833,833,833,833,833,833,833,833,833,833,434,529,862,862,862,862,862,862,862,862,862,862,862,862,690,691,588,589,862,862,862,862,862,862,862,862,1022,1022,1022,628,
658,658,658,658,113,108,2,2,310,658,658,658,312,2,310,311,311,312,1178,1178,1178,1178,1178,1178,1178,1178,1178,1178,1178,1178,1178,1178,310,658,658,308,658,658,658,658,658,658,658,308,658,658,658,658,658,658,658,658,658,658,658,658,658,658,658,658,902,833,833,833,833,628,629,820,821,821,628,629,624,686,830,830,830,938,938,831,433,833,833,833,833,833,833,833,833,833,833,833,833,833,833,833,833,833,833,833,833,833,833,833,434,529,862,862,862,862,862,862,741,742,639,640,862,862,862,862,862,862,862,862,862,1022,1022,532

