[header]
width=128
height=32
tilewidth=16
tileheight=16
orientation=orthogonal

[tilesets]
tileset=../../../../Desktop/sprites.png,16,16,0,0
tileset=../../../../Desktop/new_map.png,16,16,0,0

[layer]
type=Tile Layer 1
data=
1066,1066,1066,1066,1066,1066,1066,1066,1066,1066,1066,1066,1066,1066,1066,1066,1066,1066,1066,1066,1066,1066,1066,1066,1066,1066,1066,1066,1066,1066,1066,1066,1066,1066,1066,1066,1066,1066,1066,1066,1066,1066,1066,1066,1066,1066,1066,1066,1066,1066,1066,1066,1066,1066,1066,1066,1066,1066,1066,1066,1066,1066,1066,1066,1066,1066,1066,1066,1066,1066,1066,1066,1066,1066,1066,1066,1066,1066,1066,1066,1066,1066,1066,1066,1066,1066,1066,1066,1066,1066,1066,1066,1066,1066,1066,1066,1066,1066,1066,1066,1066,1066,1066,1066,1066,1066,1066,1066,1066,1066,1066,1066,1066,1066,1066,1066,1066,1066,1066,1066,1066,1066,1066,1066,1066,1066,1066,1066,
1066,1066,1066,1066,1066,1066,1066,1066,1066,1066,1066,1066,1066,1066,1066,1066,1066,1066,1066,1066,1066,1066,1066,1066,1066,1066,1066,1066,1066,1066,1066,1066,1066,1066,1066,1066,1066,1066,1066,1066,1066,1066,1066,1066,1066,1066,1066,1066,1066,1066,1066,1066,1066,1066,1066,1066,1066,1066,1066,1066,1066,1066,1066,1066,1066,1066,1066,1066,1066,1066,1066,1066,1066,1066,1066,1066,1066,1066,1066,1066,1066,1066,1066,1066,1066,1066,1066,1066,1066,1066,1066,1066,1066,1066,1066,1066,1066,1066,1066,1066,1066,1066,1066,1066,1066,1066,1066,1066,1066,1066,1066,1066,1066,1066,1066,1066,1066,1066,1066,1066,1066,1066,1066,1066,1066,1066,1066,1066,
1066,1066,1066,1066,1066,1066,1066,1066,1066,1066,1066,1066,1066,1066,1066,1066,1066,1066,1066,1066,1066,1066,1066,1066,1066,1066,1066,1066,1066,1066,1066,1066,1066,1066,1066,1066,1066,1066,1066,1066,1066,1066,1066,1066,1066,1066,1066,1066,1066,1066,1066,1066,1066,1066,1066,1066,1066,1066,1066,1066,1066,1066,1066,1066,1066,1066,1066,1066,1066,1066,1066,1066,1066,1066,1066,1066,1066,1066,1066,1066,1066,1066,1066,1066,1066,1066,1066,1066,1066,1066,1066,1066,1066,1066,1066,1066,1066,1066,1066,1066,1066,1066,1066,1066,1066,1066,1066,1066,1066,1066,1066,1066,1066,1066,1066,1066,1066,1066,1066,1066,1066,1066,1066,1066,1066,1066,1066,1066,
1066,1066,1066,1066,1066,1066,1066,1066,1066,1066,1066,1066,1066,1066,1066,1066,1066,1066,1066,1066,1066,1066,1066,1066,1066,1066,1066,1066,1066,1066,1066,1066,1066,1066,1066,1066,1066,1066,1066,1066,1066,1066,1066,1066,1066,1066,1066,1066,1066,1066,1066,1066,1066,1066,1066,1066,1066,1066,1066,1066,1066,1066,1066,1066,1066,1066,1066,1066,1066,1066,1066,1066,1066,1066,1066,1066,1066,1066,1066,1066,1066,1066,1066,1066,1066,1066,1066,1066,1066,1066,1066,1066,1066,1066,1066,1066,1066,1066,1066,1066,1066,1066,1066,1066,1066,1066,1066,1066,1066,1066,1066,1066,1066,1066,1066,1066,1066,1066,1066,1066,1066,1066,1066,1066,1066,1066,1066,1066,
1066,1066,1066,1066,1066,1066,1066,1066,1066,1066,1066,1066,1066,1066,1066,1066,1066,1066,1066,1066,1066,1066,1066,1066,1066,1066,1066,1066,1066,1066,1066,1066,1066,1066,1066,1066,1066,1066,1066,1066,1066,1066,1066,1066,1066,1066,1066,1066,1066,1066,1066,1066,1066,1066,1066,1066,1066,1066,1066,1066,1066,1066,1066,1066,1066,1066,1066,1066,1066,1066,1066,1066,1066,1066,1066,1066,1066,1066,1066,1066,1066,1066,1066,1066,1066,1066,1066,1066,1066,1066,1066,1066,1066,1066,1066,1066,1066,1066,1066,1066,1066,1066,1066,1066,1066,1066,1066,1066,1066,1066,1066,1066,1066,1066,1066,1066,1066,1066,1066,1066,1066,1066,1066,1066,1066,1066,1066,1066,
843,1102,1102,1102,1102,1102,1102,1102,1102,1102,1102,1102,1102,1102,1102,1102,1102,1102,1102,1102,1102,1102,1102,1102,1102,1102,1102,1102,1102,1102,844,1066,1066,843,1102,1102,1102,1102,1102,1102,1102,1102,1102,1102,1102,1102,1102,1102,1102,1102,1102,1102,1102,1102,1102,1102,1102,1102,1102,1102,1102,1102,1102,1102,1102,1102,1102,1102,1102,1102,1102,1102,1102,1102,1102,1102,1102,1102,1102,1102,1102,1102,1102,1102,1102,1102,1102,1102,1102,1102,1102,1102,1102,1102,1102,1102,1102,1102,1102,1102,1102,1102,1102,1102,1102,1102,1102,1102,1102,1102,1102,1102,1102,1102,1102,1102,1102,1102,1102,1102,1102,1102,1102,1102,1102,1102,1102,844,
1067,0,0,0,0,0,0,0,0,0,0,0,0,0,0,0,0,0,0,0,0,0,0,0,0,0,0,0,0,0,1065,1066,1066,1067,0,0,0,0,0,0,0,0,0,0,0,0,0,0,0,0,0,0,0,0,0,0,0,0,0,0,0,0,0,0,0,0,0,0,0,0,0,0,0,0,0,0,0,0,0,0,0,0,0,0,0,0,0,0,0,0,0,0,0,0,0,0,0,453,490,453,416,417,418,416,416,416,416,416,416,416,416,416,416,416,453,416,416,417,418,419,453,453,416,417,418,419,0,1101,
1067,0,0,0,0,0,0,0,0,0,0,0,0,0,0,0,0,0,0,0,0,0,0,0,0,0,0,0,0,0,1065,1066,1066,1067,0,0,0,0,0,0,0,0,0,0,0,0,0,0,0,0,0,0,0,0,0,0,0,0,0,0,0,0,0,0,0,0,0,0,0,0,0,0,0,0,0,0,0,0,0,0,0,0,0,0,0,0,0,0,0,0,0,0,0,0,0,0,0,490,527,490,416,416,416,453,453,453,453,453,453,453,453,453,453,453,490,453,416,416,417,418,419,419,419,418,419,419,0,763,
1067,0,0,0,0,0,0,0,0,0,0,0,0,0,0,0,0,0,0,0,0,0,0,0,0,0,0,0,0,0,1065,1066,1066,1067,617,617,618,617,617,618,0,617,618,0,0,0,0,0,0,0,0,0,0,0,0,0,0,0,0,0,0,0,0,0,0,0,0,0,0,0,0,0,0,0,0,0,0,0,0,0,0,0,0,0,0,0,0,0,0,0,0,0,0,0,0,0,0,527,528,527,453,453,453,490,490,490,490,490,490,490,490,490,490,490,527,490,453,416,417,418,419,456,456,419,419,456,0,786,
1067,0,0,0,0,0,0,0,0,0,0,0,0,0,0,0,0,0,0,0,0,0,0,0,0,0,0,0,0,0,1065,1066,1066,1067,0,617,617,617,617,617,617,618,0,0,0,0,0,0,0,0,0,0,0,0,0,0,0,841,0,0,0,0,0,0,0,0,0,0,0,0,0,0,0,0,0,0,0,0,0,0,0,0,0,0,0,0,0,0,0,0,0,0,0,0,0,0,0,527,416,416,417,418,419,527,416,416,417,418,419,419,419,527,527,527,527,527,416,417,418,419,456,493,493,456,456,493,0,786,
1067,0,0,0,0,0,0,0,0,0,0,0,0,0,0,0,0,0,0,0,0,0,0,0,0,0,0,0,0,0,1065,1066,1066,879,1030,1030,1030,1030,1030,1030,1030,1030,1030,1030,1030,1030,1030,1030,1030,1030,1030,1030,1030,1030,1030,1030,1030,1030,1030,1030,1030,1031,0,0,0,0,0,0,0,0,0,0,0,0,0,0,0,0,0,0,0,0,0,0,0,0,0,0,0,0,0,0,0,0,0,0,0,416,453,416,416,417,418,419,453,453,454,455,456,456,456,419,418,419,418,419,419,419,419,419,493,530,530,493,493,530,0,786,
1067,394,394,394,394,0,0,0,0,0,0,0,0,0,0,0,0,0,0,0,0,0,0,0,0,0,0,0,0,364,1101,1102,1102,1102,1102,1102,1102,1102,1102,1102,1102,1102,1102,1102,1102,1102,1102,1102,1102,1102,1102,1102,1102,1102,1102,1102,1102,1102,1102,1102,1102,1103,0,810,811,811,811,811,811,811,811,812,0,0,0,475,810,811,811,811,811,811,811,811,812,0,0,475,394,810,811,811,811,811,811,811,811,811,811,811,812,416,657,810,811,812,657,657,810,811,812,456,455,456,455,456,456,456,456,456,530,529,530,530,530,0,0,786,
1067,0,394,394,394,0,0,0,0,0,0,0,0,0,0,0,0,0,0,0,0,0,0,0,0,0,0,0,0,0,0,0,0,0,1147,1147,1147,0,0,0,0,0,0,0,0,1147,0,0,0,0,0,0,0,0,0,0,0,0,0,0,0,0,0,0,0,0,0,0,0,0,0,0,0,0,0,0,0,0,0,0,0,0,0,0,0,0,0,0,0,0,0,0,0,0,0,0,0,490,527,490,453,416,417,418,419,418,419,529,530,530,530,493,810,811,812,493,493,493,416,417,418,419,419,419,419,419,0,786,
1067,0,0,394,394,394,394,394,394,0,0,0,0,0,0,0,0,0,0,0,0,0,0,0,0,0,0,0,0,0,0,0,0,0,0,0,0,0,0,0,0,0,0,0,0,0,0,0,0,0,0,0,0,0,0,0,0,0,0,0,0,0,0,0,0,0,0,0,0,0,0,0,0,0,0,0,0,0,0,0,0,0,0,0,0,0,0,0,0,0,0,0,0,0,0,0,0,527,528,527,490,416,417,418,419,455,456,419,419,419,419,419,529,530,529,530,530,530,416,417,418,419,456,456,456,456,0,786,
1067,0,0,0,394,394,394,394,394,0,0,0,0,0,0,0,0,0,0,0,0,0,0,0,0,0,0,0,0,0,0,0,0,0,0,0,0,0,0,0,0,0,0,0,0,0,0,0,0,0,0,0,0,0,0,0,0,0,0,0,0,0,0,0,0,0,0,0,0,0,0,0,0,0,0,0,0,0,0,0,0,0,0,0,0,0,0,0,0,0,0,0,0,0,0,0,0,527,528,529,416,417,418,419,419,492,493,456,456,456,456,418,419,418,419,810,811,812,419,418,419,419,493,493,493,493,0,786,
1067,0,0,0,0,0,0,394,394,0,0,0,0,0,0,0,0,0,0,0,0,0,0,0,0,0,0,0,0,0,0,0,0,0,0,0,0,0,0,0,0,0,0,0,0,0,0,0,0,0,0,0,0,0,0,0,0,0,0,0,0,0,0,0,0,0,0,0,0,0,0,0,0,0,0,0,0,0,0,0,0,0,0,0,0,0,0,0,0,0,0,0,0,0,0,0,0,0,0,0,416,417,418,419,419,527,527,527,528,416,417,418,419,419,419,419,419,419,418,419,419,419,419,419,456,0,0,786,
1067,0,0,0,0,0,0,394,394,0,0,0,0,0,0,0,0,0,0,0,0,0,0,0,0,0,0,0,0,0,0,0,0,0,0,0,0,0,0,0,0,0,0,0,0,0,0,0,0,0,0,0,0,0,0,0,0,0,0,0,0,0,0,0,0,0,0,0,0,0,0,0,0,0,0,0,0,0,0,0,0,0,0,0,0,0,0,0,0,0,0,0,0,0,0,0,0,0,0,0,453,416,417,418,419,419,419,419,419,419,419,419,456,456,456,456,456,456,810,811,812,456,456,456,493,0,0,786,
1067,0,0,0,0,0,0,0,394,394,394,394,394,394,394,0,0,0,0,0,0,0,0,0,0,0,0,0,0,0,0,0,0,0,0,0,0,0,0,0,0,0,0,0,0,0,0,0,0,0,0,0,0,0,0,0,0,0,0,0,0,0,0,0,0,0,0,0,0,0,0,0,0,0,0,0,0,0,0,0,0,0,0,0,0,0,0,0,0,0,0,0,0,0,0,0,0,0,0,0,490,416,417,418,419,456,456,456,456,456,456,456,493,493,493,493,493,493,492,493,493,493,493,493,530,0,0,786,
1067,0,0,0,0,0,0,0,0,0,0,0,0,0,0,0,0,0,0,0,0,0,0,0,0,0,0,0,0,0,0,0,0,0,0,0,0,0,0,0,0,0,0,0,0,0,0,0,0,0,0,0,0,0,0,0,0,0,0,0,0,0,0,0,0,0,0,0,0,0,0,0,0,0,0,0,0,0,0,0,0,0,0,0,0,0,0,0,0,0,0,0,0,0,0,0,0,0,0,0,527,416,417,418,419,493,493,493,493,416,416,416,416,416,416,416,416,416,416,416,416,810,811,812,0,0,0,786,
1067,0,0,0,0,0,0,0,0,0,0,0,0,393,393,393,0,0,0,0,0,0,0,0,0,0,0,0,0,0,0,0,0,0,0,0,0,0,0,0,0,0,0,0,0,0,0,0,0,0,0,0,0,0,0,0,0,0,0,0,0,0,0,0,0,0,0,0,0,0,0,0,0,0,0,0,0,0,0,0,0,0,0,0,0,0,0,0,0,0,0,0,0,0,0,0,0,0,0,0,416,417,418,419,416,416,417,416,416,453,453,453,453,453,453,453,453,453,453,453,416,416,417,418,419,0,0,786,
1067,0,0,0,0,0,0,0,0,0,393,393,393,393,393,393,393,0,0,0,0,0,0,0,0,0,0,0,0,0,0,0,0,0,0,0,0,0,0,0,0,0,0,0,0,0,0,0,0,0,0,0,0,0,0,0,0,0,0,0,0,0,0,0,0,0,0,0,0,0,0,0,0,0,0,0,0,0,0,0,0,0,0,0,0,0,0,0,0,0,0,0,0,0,0,0,0,0,0,0,416,417,418,416,453,416,417,453,453,490,490,490,490,490,490,490,490,490,490,490,453,416,417,418,810,811,812,786,
1067,0,0,0,0,0,0,0,0,0,0,0,771,772,772,772,772,773,0,0,0,0,0,0,0,0,0,0,0,0,0,0,0,0,0,0,0,0,0,0,0,0,0,0,0,0,0,0,0,0,0,0,0,0,0,0,0,0,0,0,0,0,0,0,0,0,0,0,0,0,0,0,0,0,0,0,0,0,0,0,0,0,0,0,0,0,0,0,0,0,0,0,0,0,0,0,0,0,0,0,416,416,416,453,490,416,416,490,490,527,527,527,527,527,527,527,527,527,527,527,416,417,418,419,490,490,490,786,
1067,0,0,0,0,0,0,0,0,0,0,0,0,0,0,0,393,393,0,0,0,0,0,0,0,0,0,0,0,0,0,0,0,0,0,0,0,0,0,0,0,0,0,0,0,0,0,0,0,0,0,0,0,0,0,0,0,0,0,0,0,0,0,0,0,0,0,0,0,0,0,0,0,0,0,0,0,0,0,0,0,0,0,0,0,0,0,0,0,0,0,0,0,0,0,0,0,0,0,0,416,453,453,490,527,453,453,527,416,416,417,418,419,419,419,419,419,419,419,419,419,810,811,812,527,527,527,786,
1067,806,0,0,806,0,0,805,0,0,29,0,0,0,0,0,393,393,393,393,393,0,806,0,0,805,0,0,806,0,0,0,0,0,0,0,0,0,0,0,0,0,0,0,0,0,0,0,0,0,0,0,0,0,0,0,0,0,0,0,0,0,0,0,0,0,0,0,0,0,0,0,0,0,0,0,0,0,0,0,0,0,0,0,0,774,775,775,775,775,775,775,776,0,0,0,0,0,0,0,453,490,490,527,527,490,490,527,453,453,454,455,456,456,456,456,456,456,456,456,456,456,456,456,490,490,490,786,
1067,842,0,0,842,0,0,842,0,0,805,0,0,805,0,0,0,0,0,805,0,0,842,0,0,842,0,0,842,0,0,0,0,0,0,0,0,0,0,0,0,0,0,0,0,0,0,0,0,0,0,0,0,0,0,0,0,0,0,0,0,0,0,0,0,0,0,0,0,0,0,0,0,0,0,0,0,0,0,774,775,775,776,0,0,0,0,0,0,0,0,0,0,0,0,774,775,775,776,0,490,527,527,527,528,527,527,528,490,490,491,841,654,493,493,493,493,493,810,811,812,493,493,493,527,527,527,786,
1067,878,0,0,878,0,0,878,0,0,878,0,29,878,0,0,770,0,0,878,0,0,878,0,0,878,0,0,878,0,841,0,0,0,0,0,0,0,0,0,0,0,0,0,0,0,0,0,0,0,0,0,0,0,0,0,0,0,0,0,0,0,0,0,0,0,0,0,0,0,0,0,0,0,0,0,0,0,0,0,0,0,0,0,0,0,0,0,0,0,0,0,0,0,0,0,0,0,0,0,527,527,528,529,530,527,528,529,527,527,841,841,841,530,530,530,530,530,530,530,530,530,530,530,0,0,0,786,
879,1030,1031,1035,1036,1036,1036,1036,1036,1036,1036,1036,1036,1036,1036,1036,1036,1036,1036,1036,1036,1036,1036,1036,1036,1036,1036,1036,1036,1036,1037,0,0,0,0,1038,1039,1040,0,0,0,0,1038,1039,1040,0,0,0,0,1038,1039,1040,0,0,0,0,1038,1039,1040,0,0,0,0,858,859,859,859,859,859,859,859,859,859,859,859,859,859,859,764,512,512,0,0,0,0,0,0,0,0,0,0,0,0,0,0,0,0,0,0,763,859,859,859,859,859,859,859,859,859,859,859,859,859,859,859,859,859,859,859,859,859,859,859,859,859,859,859,802,
1066,1066,1067,1071,1072,1072,1072,1072,1072,1072,1072,1072,1072,1072,1072,1072,1072,1072,1072,1072,1072,1072,1072,1072,1072,1072,1072,1072,1072,1072,1073,1049,1049,1049,1049,1074,1075,1076,1049,1049,1049,1049,1074,1075,1076,1049,1049,1049,1049,1074,1075,1076,1049,1049,1049,1049,1074,1075,1076,1049,1049,1049,1049,894,895,895,895,895,895,895,895,895,895,895,895,895,895,766,787,512,512,0,0,0,0,0,0,0,0,0,0,0,0,0,0,0,0,0,0,786,765,895,895,895,895,895,895,895,895,895,895,895,895,895,895,895,895,895,895,895,895,895,895,895,895,895,895,895,
1066,1066,1067,1071,1072,1072,1072,1072,1072,1072,1072,1072,1072,1072,1072,1072,1072,1072,1072,1072,1072,1072,1072,1072,1072,1072,1072,1072,1072,1072,1073,1085,1085,1085,1085,1110,1111,1112,1085,1085,1085,1085,1110,1111,1112,1085,1085,1085,1085,1110,1111,1112,1085,1085,1085,1085,1110,1111,1112,1085,1085,1085,1085,1035,1036,1036,1036,1036,1036,1036,1036,1036,1036,1036,1036,1036,1037,786,787,841,0,0,0,0,0,0,0,0,0,0,0,0,0,0,0,0,0,0,841,786,787,1035,1036,1036,1036,1036,1036,1036,1036,1036,1036,1036,1036,1036,1036,1036,1036,1036,1036,1036,1036,1036,1036,1036,1036,1036,1036,1036,
1066,1066,1067,1071,1072,1072,1072,1072,1072,1072,1072,1072,1072,1072,1072,1072,1072,1072,1072,1072,1072,1072,1072,1072,1072,1072,1072,1072,1072,1072,1073,1085,1085,1085,1085,1085,1085,1085,1085,1085,1085,1085,1085,1085,1085,1085,1085,1085,1085,1085,1085,1085,1085,1085,1085,1085,1085,1085,1085,1085,1085,1085,1085,1071,1072,1072,1072,1072,1072,1072,1072,1072,1072,1072,1072,1072,1073,786,787,841,841,0,0,0,0,0,0,0,0,0,0,0,0,0,0,0,0,841,841,786,787,1071,1072,1072,1072,1072,1072,1072,1072,1072,1072,1072,1072,1072,1072,1072,1072,1072,1072,1072,1072,1072,1072,1072,1072,1072,1072,1072,
1066,1066,1067,1071,1072,1072,1072,1072,1072,1072,1072,1072,1072,1072,1072,1072,1072,1072,1072,1072,1072,1072,1072,1072,1072,1072,1072,1072,1072,1072,1073,1121,1121,1121,1121,1121,1121,1121,1121,1121,1121,1121,1121,1121,1121,1121,1121,1121,1121,1121,1121,1121,1121,1121,1121,1121,1121,1121,1121,1121,1121,1121,1121,1071,1072,1072,1072,1072,1072,1072,1072,1072,1072,1072,1072,1072,1073,786,787,839,840,839,840,839,840,839,840,839,840,839,840,839,840,839,840,839,840,839,840,786,787,1071,1072,1072,1072,1072,1072,1072,1072,1072,1072,1072,1072,1072,1072,1072,1072,1072,1072,1072,1072,1072,1072,1072,1072,1072,1072,1072,
1066,1066,1067,1071,1072,1072,1072,1072,1072,1072,1072,1072,1072,1072,1072,1072,1072,1072,1072,1072,1072,1072,1072,1072,1072,1072,1072,1072,1072,1072,1072,1036,1036,1036,1036,1036,1036,1036,1036,1036,1036,1036,1036,1036,1036,1036,1036,1036,1036,1036,1036,1036,1036,1036,1036,1036,1036,1036,1036,1036,1036,1036,1036,1072,1072,1072,1072,1072,1072,1072,1072,1072,1072,1072,1072,1072,1073,786,787,875,876,875,876,875,876,875,876,875,876,875,876,875,876,875,876,875,876,875,876,786,787,1071,1072,1072,1072,1072,1072,1072,1072,1072,1072,1072,1072,1072,1072,1072,1072,1072,1072,1072,1072,1072,1072,1072,1072,1072,1072,1072

[Player]
# player
type=player
location=14,21,0,0

[Player]
# player
type=player
location=15,21,0,0

[Player]
# player
type=player
location=14,20,0,0

[Player]
# player
type=player
location=15,20,0,0

[Enemy]
# enemy
type=enemy
location=2,26,0,0

[Enemy]
# enemy
type=enemy
location=2,25,0,0

[Enemy]
# enemy
type=enemy
location=28,26,0,0

[Enemy]
# enemy
type=enemy
location=28,25,0,0

[Enemy]
# enemy
type=enemy
location=82,30,0,0

[Enemy]
# enemy
type=enemy
location=82,29,0,0

[Enemy]
# enemy
type=enemy
location=95,30,0,0

[Enemy]
# enemy
type=enemy
location=95,29,0,0

[Enemy]
# enemy
type=enemy
location=84,30,0,0

[Enemy]
# enemy
type=enemy
location=84,29,0,0

[Enemy]
# enemy
type=enemy
location=93,30,0,0

[Enemy]
# enemy
type=enemy
location=93,29,0,0

[Enemy]
# enemy
type=enemy
location=86,30,0,0

[Enemy]
# enemy
type=enemy
location=91,30,0,0

[Enemy]
# enemy
type=enemy
location=91,29,0,0

[Enemy]
# enemy
type=enemy
location=86,29,0,0

[Enemy]
# enemy
type=enemy
location=125,26,0,0

[Enemy]
# enemy
type=enemy
location=125,25,0,0

[Enemy]
# enemy
type=enemy
location=35,10,0,0

[Enemy]
# enemy
type=enemy
location=37,10,0,0

[Enemy]
# enemy
type=enemy
location=39,10,0,0

[Enemy]
# enemy
type=enemy
location=35,9,0,0

[Enemy]
# enemy
type=enemy
location=37,9,0,0

[Enemy]
# enemy
type=enemy
location=39,9,0,0

